#
#
#  Percent Identity  Matrix - created by Clustal2.1 
#
#

     1: tr|A0A1N0DH62|A0A1N0DH62_9MYCO  100.00   55.45   70.21   70.21   70.65   69.23   71.28   70.45   71.26   71.26   73.56   72.83   72.73   72.73   73.03   72.73   73.86   73.33   64.65   63.11   63.11   67.01   64.71   68.42   67.68   63.73   63.46   63.46   66.67   69.79   69.79   13.51   27.38   29.47   31.40   32.43   30.26   34.02   31.46   38.89   33.77   33.77   36.11   38.03   40.00   39.39   37.14   35.62   35.06   33.77   33.33   37.14   36.62   36.62   38.81   29.17   32.18   32.18   31.40   33.33   31.03   31.03   32.18   31.03   31.87   31.76   32.56   32.56    -nan    -nan    -nan    -nan    -nan    -nan    -nan    -nan    -nan    -nan   33.33   25.42   42.86   35.21   35.62   43.10   33.33   36.11   31.94   31.94   46.67   39.19   30.00   37.14   34.67   40.00   33.33   39.29   33.33   33.71   37.50   37.50   42.19   42.19   41.18   39.71   39.71   41.54   45.31   41.18   41.18   39.44   43.75   39.06   40.62   36.36   38.10   39.68   40.30   40.30   40.00   38.36   32.63   36.36   41.10
     2: tr|F6EFW5|F6EFW5_HOYSD           55.45  100.00   60.59   61.34   63.67   63.60   63.99   65.09   64.65   63.33   63.89   64.67   63.84   64.41   63.35   63.65   63.84   60.49   62.06   60.67   61.18   62.29   61.54   62.34   60.77   61.36   61.68   61.68   61.48   60.37   61.11   18.90   21.98   22.33   21.93   22.06   20.83   31.67   25.22   26.86   24.17   24.23   26.43   27.02   26.65   27.50   26.96   25.69   27.79   26.59   27.71   27.78   27.69   27.27   26.17   26.46   25.74   25.74   24.93   26.57   26.49   26.49   26.33   26.33   25.59   25.89   26.87   26.71   12.63   15.60   18.35   15.45   14.68   15.60   16.36   15.45   15.45   15.45   20.14   18.23   27.46   24.72   25.89   27.56   25.41   24.86   25.14   25.08   27.68   26.04   23.53   24.45   24.46   26.27   24.02   25.00   22.62   25.65   26.41   26.41   26.67   26.19   26.94   26.24   26.71   27.29   27.82   26.42   25.97   27.99   27.13   26.08   26.15   27.39   27.19   26.20   26.98   26.48   26.62   26.26   25.58   27.09   26.74
     3: tr|A0A064CIK5|A0A064CIK5_9MYCO   70.21   60.59  100.00   95.15   81.34   82.03   80.32   82.66   82.57   82.57   82.85   83.09   82.97   82.23   82.82   83.52   82.78   82.05   82.43   83.06   83.05   83.33   82.73   82.64   81.47   83.24   82.76   82.76   82.40   82.94   83.85   18.18   22.66   22.00   21.65   22.01   21.67   33.01   25.84   26.54   24.01   23.69   24.52   25.86   24.84   26.02   24.84   23.69   24.62   24.62   26.67   27.33   25.70   25.47   26.25   24.78   25.15   25.15   24.92   25.69   24.70   24.70   26.67   25.76   24.70   25.91   26.61   26.75   12.63   14.63   17.54   17.39   17.07   14.91   14.78   13.04   13.91   16.13   20.00   20.91   28.41   23.96   25.14   25.35   24.39   23.85   23.85   23.22   27.65   25.00   22.19   22.83   24.46   23.45   23.80   23.03   21.67   27.45   27.60   27.60   27.88   28.86   29.06   28.91   29.52   30.11   29.49   27.63   27.40   29.19   29.95   27.37   28.74   28.19   28.64   27.85   28.67   28.60   28.60   27.15   27.51   28.01   28.89
     4: tr|G4HVG5|G4HVG5_MYCRH           70.21   61.34   95.15  100.00   81.16   81.85   79.78   82.66   83.49   82.57   82.85   83.48   83.15   82.05   82.63   84.07   83.33   82.05   82.99   82.86   82.67   82.96   82.01   82.10   81.47   83.06   82.94   82.94   82.58   82.40   83.30   18.18   22.95   22.36   22.02   22.38   21.62   33.98   25.84   26.21   24.01   23.38   24.52   26.17   25.16   26.33   24.84   24.31   24.92   25.23   26.97   27.64   25.70   25.47   26.25   24.48   25.15   25.15   24.92   25.38   24.70   24.70   26.06   25.45   24.40   25.61   26.30   26.44   11.58   13.01   16.67   16.52   15.45   14.04   13.91   12.17   13.04   14.52   20.00   21.63   27.83   23.68   24.32   25.35   23.31   23.31   23.04   23.22   27.09   24.72   22.19   23.37   23.92   23.16   23.49   23.03   21.90   27.18   27.60   27.60   28.34   28.86   29.52   29.38   29.98   30.57   29.72   27.85   27.63   29.19   30.18   27.59   28.97   28.41   28.87   28.31   28.90   28.83   29.05   27.59   27.93   28.45   29.35
     5: sp|A0QTK3|MTRB_MYCS2             70.65   63.67   81.34   81.16  100.00   93.30   85.53   88.48   85.66   87.13   87.75   85.56   86.00   86.19   85.48   86.19   85.82   80.22   80.23   79.47   79.70   80.15   79.89   81.02   78.62   80.55   79.93   79.93   80.04   79.49   80.40   16.53   22.51   23.31   22.15   22.32   21.76   33.33   25.76   26.54   24.24   23.31   24.52   25.86   25.47   26.33   24.76   23.31   24.85   24.55   26.59   26.63   25.62   25.39   25.62   24.55   25.08   25.08   24.55   25.30   24.62   24.62   25.98   25.08   24.32   25.23   26.22   26.36   12.63   17.07   19.30   19.13   17.07   16.67   15.65   14.78   15.65   16.94   20.71   21.20   28.41   23.12   23.51   25.92   23.85   22.76   22.76   23.22   28.49   25.28   22.75   24.18   24.46   24.01   24.10   23.03   22.62   25.64   26.76   26.76   28.18   28.48   28.67   28.74   29.13   29.72   29.10   27.69   27.46   27.66   29.10   26.99   28.11   27.80   28.70   28.15   28.27   28.21   27.78   26.89   26.18   27.41   27.83
     6: tr|X5KQ98|X5KQ98_MYCME           69.23   63.60   82.03   81.85   93.30  100.00   86.41   89.19   85.66   88.24   89.58   86.63   85.64   87.29   86.03   87.11   86.19   81.33   81.51   81.67   81.75   82.42   80.76   81.75   80.76   82.18   80.43   80.43   80.77   80.59   81.50   16.53   23.08   23.11   22.36   22.32   21.97   33.66   25.53   26.54   23.94   23.01   24.84   25.86   25.16   26.33   24.84   23.69   24.92   24.62   26.36   26.71   25.70   25.79   25.31   24.62   25.15   25.15   24.92   25.99   24.70   24.70   26.36   25.45   24.70   25.61   26.91   27.05   11.58   16.26   18.42   18.26   17.07   16.67   16.52   14.78   15.65   17.74   20.95   20.96   27.83   22.84   23.24   25.35   23.04   22.22   22.49   22.91   27.09   24.44   22.19   23.10   23.39   23.73   23.19   22.74   22.62   25.85   27.66   27.66   28.87   28.70   29.13   29.22   29.59   30.41   29.33   28.15   27.92   28.34   29.10   27.21   28.34   28.25   28.24   27.69   28.74   28.67   28.22   27.56   26.61   28.29   28.96
     7: tr|V5X9F3|V5X9F3_MYCNE           71.28   63.99   80.32   79.78   85.53   86.41  100.00   91.07   85.50   86.97   87.41   85.33   86.50   87.89   87.00   88.26   87.71   80.48   80.86   80.16   80.53   81.17   79.78   80.73   78.34   79.89   79.10   79.10   79.38   79.56   80.29   16.53   22.38   22.61   22.27   22.01   21.46   30.39   26.36   26.86   24.85   23.93   25.48   26.79   25.79   26.02   25.71   24.54   25.76   25.76   27.19   27.86   26.85   26.02   25.94   25.45   25.38   25.38   26.36   26.83   26.14   26.14   27.49   26.59   25.53   27.36   27.44   27.88   13.68   14.63   17.54   17.39   15.45   14.91   14.78   13.04   13.91   16.13   22.38   21.82   28.03   23.33   24.26   25.56   22.43   22.70   22.16   22.22   27.02   24.65   22.97   23.58   24.93   24.51   23.12   23.55   21.85   26.38   26.64   26.64   28.05   28.79   28.77   28.61   29.00   29.82   28.51   27.56   27.33   27.99   28.51   27.09   27.75   27.68   28.11   27.56   28.14   28.08   28.32   26.99   26.50   27.95   28.38
     8: tr|W9AWI4|W9AWI4_MYCCO           70.45   65.09   82.66   82.66   88.48   89.19   91.07  100.00   86.72   88.19   87.52   87.00   87.48   87.66   87.87   88.77   87.48   81.04   81.73   81.80   81.87   82.51   81.60   82.57   80.51   81.68   80.87   80.87   81.22   81.58   82.50   17.50   22.86   22.95   22.82   22.53   22.18   34.00   27.05   27.18   24.85   24.54   25.48   27.41   26.42   27.27   26.02   25.15   26.06   26.06   28.40   28.17   27.16   26.33   26.56   25.30   25.53   25.53   26.52   26.99   26.30   26.30   27.66   26.75   25.98   26.61   27.61   27.44   14.74   15.45   17.54   17.39   16.26   15.79   15.65   13.91   14.78   16.94   21.90   21.45   28.41   23.68   24.59   26.20   23.31   23.04   23.04   22.91   27.65   25.28   23.60   24.18   25.54   24.29   23.80   24.49   21.95   26.39   26.98   26.98   28.41   29.37   29.13   29.22   29.59   30.18   28.87   27.69   27.46   28.57   28.87   26.77   28.11   27.87   28.47   27.92   28.27   28.21   28.00   26.89   26.72   27.91   28.57
     9: tr|K5B913|K5B913_MYCHD           71.26   64.65   82.57   83.49   85.66   85.66   85.50   86.72  100.00   88.62   88.07   86.06   87.27   86.90   87.11   87.64   87.45   81.53   81.47   81.31   81.23   80.99   80.70   81.18   79.96   80.70   80.92   80.92   80.74   80.19   81.11   17.50   23.14   23.35   23.64   22.72   21.73   34.34   26.30   26.21   24.62   24.31   24.84   25.86   25.16   26.65   25.55   24.38   25.00   25.61   27.05   27.10   25.78   25.87   25.62   24.77   25.91   25.91   25.08   26.15   25.15   25.15   26.52   25.91   25.15   26.07   27.08   27.22   13.68   15.83   18.92   18.75   15.83   16.22   16.07   14.29   15.18   17.36   21.34   21.93   28.70   23.96   25.61   26.42   23.77   23.50   22.95   22.91   28.73   25.83   23.31   24.11   24.93   25.42   24.40   24.49   22.10   26.94   27.44   27.44   27.94   28.89   28.90   28.98   28.90   29.95   28.64   27.46   27.23   28.57   29.56   27.62   28.80   28.70   29.63   28.38   28.97   28.67   29.31   27.29   27.06   28.26   28.51
    10: tr|A0A1X0JWI2|A0A1X0JWI2_9MYCO   71.26   63.33   82.57   82.57   87.13   88.24   86.97   88.19   88.62  100.00   93.94   85.32   86.72   88.01   88.58   88.56   87.82   82.09   82.99   82.34   82.76   83.27   81.43   82.29   82.17   82.90   82.39   82.39   81.48   81.48   82.41   16.67   23.14   23.35   23.22   23.14   22.78   35.35   26.30   26.86   24.01   23.08   25.80   26.79   25.47   26.02   25.55   25.00   25.30   25.91   27.05   27.73   26.09   25.87   25.94   25.08   26.52   26.52   25.99   26.46   25.77   25.77   27.44   26.22   25.45   26.38   28.00   28.13   14.74   15.00   17.12   16.96   15.00   15.32   15.18   13.39   14.29   15.70   20.38   20.96   27.83   23.96   24.25   25.57   23.50   23.50   23.22   23.22   27.89   25.00   22.47   23.56   24.39   24.58   23.19   23.32   22.32   26.51   28.34   28.34   29.33   29.35   29.82   29.45   29.59   30.41   30.25   28.83   28.60   29.25   30.48   27.62   29.03   28.92   29.63   28.15   28.97   29.13   29.53   27.96   27.71   28.26   29.19
    11: tr|G8RK12|G8RK12_MYCRN           73.56   63.89   82.85   82.85   87.75   89.58   87.41   87.52   88.07   93.94  100.00   86.61   87.27   87.82   88.21   88.75   88.38   81.97   82.99   81.52   81.99   82.51   80.99   81.83   81.54   82.63   81.75   81.75   81.58   81.22   82.14   16.67   23.43   23.82   23.08   23.42   22.85   34.34   25.99   25.89   24.01   22.46   24.84   25.55   24.84   25.71   24.92   23.77   24.70   24.70   25.84   27.10   25.47   25.87   25.31   24.47   25.91   25.91   25.38   26.15   25.46   25.46   26.83   26.22   25.15   26.07   28.00   28.13   13.68   15.45   18.42   18.26   17.07   16.67   16.52   14.78   15.65   17.74   20.48   20.96   27.54   23.68   23.78   25.07   23.58   23.31   22.76   22.60   27.65   24.44   22.19   23.37   23.66   24.29   23.49   23.03   21.72   27.19   27.89   27.89   28.87   28.70   28.90   29.22   28.90   29.95   29.79   28.60   28.38   28.80   29.33   27.65   28.80   28.92   29.17   28.15   29.21   29.13   28.67   27.78   27.31   28.29   29.19
    12: tr|G7CNB7|G7CNB7_MYCT3           72.83   64.67   83.09   83.48   85.56   86.63   85.33   87.00   86.06   85.32   86.61  100.00   87.82   85.92   86.50   88.12   86.65   81.30   79.63   82.15   82.20   81.89   81.64   82.05   80.73   81.39   81.13   81.13   82.54   81.25   82.17   18.33   22.88   22.61   22.47   22.59   22.25   33.01   26.14   26.54   24.55   23.62   24.84   26.48   26.10   26.33   25.71   24.23   25.45   25.15   26.89   27.24   26.23   26.02   25.94   24.78   25.15   25.15   24.92   25.99   25.00   25.00   26.67   25.76   24.70   25.91   26.91   26.75   11.58   17.50   19.82   18.75   18.33   17.12   16.07   15.18   16.07   17.36   21.82   21.58   28.32   23.06   24.73   26.35   24.25   23.71   23.98   23.46   27.53   24.65   23.81   24.04   24.86   23.94   23.72   24.13   22.00   27.08   27.54   27.54   28.74   29.21   30.14   29.55   29.68   30.96   29.89   28.47   28.25   28.44   29.20   27.72   28.90   28.35   28.57   28.02   28.84   28.77   29.18   27.49   27.25   28.35   29.05
    13: tr|K0UJH9|K0UJH9_MYCVA           72.73   63.84   82.97   83.15   86.00   85.64   86.50   87.48   87.27   86.72   87.27   87.82  100.00   93.24   92.69   93.96   92.67   81.11   79.89   81.02   81.14   81.82   81.35   81.47   79.16   81.10   80.80   80.80   81.03   79.74   80.66   18.33   23.16   22.95   22.98   22.06   21.92   33.33   26.61   27.51   24.32   24.31   26.11   27.41   25.79   26.02   25.79   25.00   25.30   25.91   28.27   27.95   26.93   25.79   26.25   25.38   26.07   26.07   25.85   26.32   25.93   25.93   26.38   26.07   25.61   26.54   27.55   27.69   12.63   15.83   18.02   15.18   15.00   14.41   14.29   12.50   13.39   14.88   22.06   22.06   27.75   24.17   24.73   26.35   23.71   23.16   22.89   23.46   28.37   24.93   22.41   23.50   25.47   23.94   24.62   23.55   21.32   26.45   26.86   26.86   28.05   28.76   28.54   28.84   29.45   29.59   28.51   27.33   27.11   27.31   29.20   27.49   28.67   28.99   29.03   28.70   28.84   28.77   28.73   27.49   27.43   28.32   29.25
    14: tr|A4TF91|A4TF91_MYCGI           72.73   64.41   82.23   82.05   86.19   87.29   87.89   87.66   86.90   88.01   87.82   85.92   93.24  100.00   94.15   94.87   93.41   81.85   80.83   81.22   81.52   82.39   82.08   82.02   80.26   81.83   80.99   80.99   81.77   81.03   81.95   18.33   23.58   23.66   23.49   22.36   21.59   34.34   26.91   27.51   24.92   24.31   26.11   27.41   26.10   26.33   26.10   24.69   25.91   26.52   27.66   27.95   26.93   26.10   26.56   25.68   26.07   26.07   25.85   26.32   25.93   25.93   26.99   26.07   25.91   27.16   27.24   27.38   12.63   15.83   18.02   15.18   14.17   13.51   13.39   11.61   12.50   14.05   23.02   22.17   27.54   23.96   24.25   26.14   22.95   22.68   22.13   22.60   27.61   24.72   22.19   23.29   24.46   24.29   23.80   23.62   21.64   26.78   27.66   27.66   28.41   29.12   28.90   29.69   30.05   29.95   28.64   27.92   27.69   27.66   30.02   27.62   28.80   29.12   29.40   28.83   28.97   28.90   29.08   28.06   27.98   28.44   29.38
    15: tr|A0A178LV91|A0A178LV91_MYCIR   73.03   63.35   82.82   82.63   85.48   86.03   87.00   87.87   87.11   88.58   88.21   86.50   92.69   94.15  100.00   94.70   93.24   81.67   80.68   81.47   81.56   82.61   81.93   82.23   81.02   81.68   81.57   81.57   81.43   80.88   81.80   19.17   23.30   23.20   22.87   22.15   21.59   36.00   26.22   27.51   24.24   24.54   26.11   27.41   26.10   26.65   26.10   24.62   25.53   26.14   27.58   27.95   26.93   26.10   26.56   25.90   25.99   25.99   25.77   26.54   25.54   25.54   26.61   26.30   24.92   26.46   27.78   27.61   13.68   15.83   18.02   16.07   15.00   14.41   14.29   12.50   13.39   15.70   22.06   21.69   28.41   23.96   25.34   25.85   23.22   23.22   22.68   22.91   27.32   25.28   23.60   24.38   25.75   24.01   23.49   23.62   22.10   26.94   27.44   27.44   28.41   29.35   29.13   29.45   29.82   29.95   28.64   27.69   27.46   27.66   29.33   27.62   28.80   29.05   29.17   28.60   28.74   28.67   28.86   27.62   27.49   27.94   29.09
    16: tr|A1T5X6|A1T5X6_MYCVP           72.73   63.65   83.52   84.07   86.19   87.11   88.26   88.77   87.64   88.56   88.75   88.12   93.96   94.87   94.70  100.00   94.88   81.85   81.39   82.65   82.86   83.36   83.18   83.15   82.27   83.15   82.82   82.82   83.09   81.99   82.90   17.50   23.01   23.05   22.92   22.36   21.80   35.35   26.52   27.18   24.24   24.23   26.11   26.79   25.47   26.02   25.47   24.31   24.92   25.53   27.27   27.33   26.32   25.47   26.25   25.60   25.69   25.69   25.46   26.23   25.85   25.85   26.30   25.99   25.23   26.15   27.47   27.30   13.68   16.67   18.92   16.07   16.67   15.32   15.18   13.39   14.29   15.70   21.58   22.17   28.12   24.51   24.52   26.70   23.50   23.77   22.95   23.53   27.61   24.72   22.75   23.84   25.47   24.29   24.10   23.62   21.87   27.16   27.44   27.44   28.18   28.89   29.13   29.22   29.59   30.18   29.10   27.92   27.69   27.89   29.33   27.39   28.57   28.60   28.94   28.38   28.50   28.44   28.64   27.62   27.49   28.38   29.55
    17: tr|I4BFW3|I4BFW3_MYCCN           73.86   63.84   82.78   83.33   85.82   86.19   87.71   87.48   87.45   87.82   88.38   86.65   92.67   93.41   93.24   94.88  100.00   81.30   81.77   82.04   82.10   82.99   82.63   82.97   80.99   81.68   81.72   81.72   81.80   80.88   81.80   18.33   23.01   23.05   22.92   22.57   21.80   34.34   26.22   27.18   23.64   23.62   25.80   27.10   25.16   26.33   25.79   24.31   25.53   25.53   27.27   27.64   26.63   25.79   26.25   24.70   25.08   25.08   25.15   25.31   24.92   24.92   25.69   25.08   24.62   25.85   26.54   26.99   14.74   15.83   18.02   16.07   15.83   15.32   14.29   13.39   15.18   14.88   22.54   21.93   27.83   24.51   24.25   25.85   22.95   22.95   22.40   22.60   27.89   25.00   23.88   24.11   25.47   24.29   23.80   23.62   21.87   26.72   27.89   27.89   28.18   28.67   28.90   28.98   29.36   29.95   28.87   27.69   27.46   27.89   29.33   27.17   28.34   28.60   28.94   28.60   28.50   28.44   28.64   27.62   27.49   27.72   28.86
    18: tr|F5Z1Y5|F5Z1Y5_MYCSD           73.33   60.49   82.05   82.05   80.22   81.33   80.48   81.04   81.53   82.09   81.97   81.30   81.11   81.85   81.67   81.85   81.30  100.00   82.86   84.18   84.47   82.99   82.15   82.51   82.15   82.51   83.76   83.76   82.48   82.12   83.03   19.35   23.16   24.34   23.24   22.62   23.53   34.34   25.23   25.89   24.46   23.84   23.89   25.23   25.16   26.33   25.00   23.29   24.54   24.85   26.61   26.88   25.23   25.63   25.31   24.02   24.70   24.70   24.16   24.92   24.85   24.85   25.61   25.00   24.55   25.15   26.15   25.99   11.58   15.13   16.81   16.67   14.29   14.16   14.04   12.28   13.16   15.00   20.53   21.15   28.70   25.07   26.29   26.55   24.73   24.73   24.18   24.15   28.57   25.83   23.60   25.07   25.68   24.86   26.20   24.78   21.04   27.10   28.05   28.05   27.88   29.15   29.06   29.38   28.83   30.57   29.49   28.08   27.85   28.51   29.95   27.62   28.51   28.89   29.56   28.54   28.90   28.83   29.56   28.54   28.69   29.20   30.30
    19: tr|A0A024JUQ6|A0A024JUQ6_9MYCO   64.65   62.06   82.43   82.99   80.23   81.51   80.86   81.73   81.47   82.99   82.99   79.63   79.89   80.83   80.68   81.39   81.77   82.86  100.00   89.84   90.69   90.89   90.61   92.91   87.41   89.65   89.69   89.69   89.01   89.57   90.32   16.13   22.10   22.80   22.60   22.61   21.81   32.08   24.32   26.21   22.73   22.39   23.89   25.23   24.21   25.08   24.45   23.62   24.85   24.24   25.68   26.93   25.31   25.39   24.06   23.37   24.32   24.32   24.10   25.15   23.87   23.87   25.23   23.72   24.18   24.77   25.76   25.90   13.68   13.76   17.43   16.36   14.68   14.68   14.55   12.73   13.64   13.64   20.72   20.91   27.83   23.68   24.32   25.64   23.56   23.29   22.74   22.29   28.05   25.00   22.75   23.97   25.34   24.36   23.49   23.91   22.73   26.37   28.96   28.96   29.03   29.41   29.52   28.67   29.98   30.80   30.18   28.77   28.54   28.28   30.88   27.50   28.74   28.48   28.64   28.54   28.90   28.83   29.60   28.57   27.59   29.05   29.64
    20: tr|H8INX4|H8INX4_MYCIA           63.11   60.67   83.06   82.86   79.47   81.67   80.16   81.80   81.31   82.34   81.52   82.15   81.02   81.22   81.47   82.65   82.04   84.18   89.84  100.00   99.60   92.40   94.26   95.18   87.25   88.27   87.13   87.13   88.98   88.38   89.38   17.46   22.25   23.78   24.49   23.02   23.33   31.48   24.78   27.51   23.94   23.62   25.16   26.48   25.47   26.02   26.02   24.85   26.06   25.45   26.89   28.17   26.54   26.65   25.31   24.71   25.37   25.37   25.45   26.51   25.23   25.23   26.57   25.07   25.22   26.13   26.81   26.95   13.04   16.30   19.57   18.28   16.30   17.39   16.13   13.98   15.05   15.05   20.98   20.00   27.99   24.02   24.78   27.50   24.55   23.95   23.65   23.22   28.26   25.00   22.89   24.10   25.89   25.16   24.27   23.90   23.57   27.06   28.09   28.09   28.40   29.63   29.41   29.41   29.41   30.62   29.88   27.87   27.87   28.33   30.62   28.33   28.57   28.30   28.89   28.89   28.92   28.92   30.10   28.95   28.21   30.22   30.27
    21: tr|X8A9K1|X8A9K1_MYCIT           63.11   61.18   83.05   82.67   79.70   81.75   80.53   81.87   81.23   82.76   81.99   82.20   81.14   81.52   81.56   82.86   82.10   84.47   90.69   99.60  100.00   92.52   94.44   95.68   87.15   88.85   87.96   87.96   89.70   88.58   89.51   17.46   22.25   23.89   24.14   23.18   23.03   31.48   24.78   27.51   23.94   23.62   25.16   26.48   25.47   26.02   26.02   24.85   26.06   25.45   26.89   28.17   26.54   26.65   25.31   24.71   25.37   25.37   25.45   26.51   25.23   25.23   26.57   25.07   25.22   26.13   26.81   26.95   13.68   16.51   19.27   18.18   16.51   17.43   16.36   14.55   15.45   15.45   20.48   20.43   27.83   24.23   24.24   26.44   24.31   23.76   23.48   23.22   28.57   25.28   22.75   24.17   25.55   25.14   24.40   23.62   23.29   27.19   28.73   28.73   29.26   29.91   29.98   28.91   29.75   31.03   30.88   29.00   28.77   28.96   31.11   28.44   28.97   28.92   29.33   28.97   29.37   29.29   30.32   29.28   28.57   30.43   30.77
    22: tr|D5PD26|D5PD26_9MYCO           67.01   62.29   83.33   82.96   80.15   82.42   81.17   82.51   80.99   83.27   82.51   81.89   81.82   82.39   82.61   83.36   82.99   82.99   90.89   92.40   92.52  100.00   94.10   95.17   88.87   88.93   89.65   89.65   89.07   89.26   90.00   17.46   22.03   23.53   22.86   23.09   23.16   35.92   25.00   27.18   24.09   23.77   24.84   26.17   25.16   26.02   25.95   25.08   25.69   25.69   27.13   28.12   26.48   26.58   25.00   25.22   25.30   25.30   25.68   26.75   25.15   25.15   26.20   25.30   25.75   26.36   27.05   27.49   13.68   13.76   16.51   15.45   13.76   14.68   13.64   11.82   12.73   12.73   20.96   20.67   27.54   23.96   23.77   25.64   23.84   23.56   23.29   22.91   28.05   25.00   22.47   23.69   25.61   24.65   24.70   23.91   22.95   27.47   28.51   28.51   29.26   30.32   29.98   29.15   30.66   31.26   31.11   29.00   28.77   28.73   30.88   27.95   28.74   29.44   29.33   29.00   29.14   29.06   30.04   29.02   28.17   30.00   30.61
    23: sp|Q93CB7|MTRB_MYCPA             64.71   61.54   82.73   82.01   79.89   80.76   79.78   81.60   80.70   81.43   80.99   81.64   81.35   82.08   81.93   83.18   82.63   82.15   90.61   94.26   94.44   94.10  100.00   96.95   86.83   87.90   87.41   87.41   89.78   88.53   89.43   17.46   21.69   23.43   22.70   22.59   22.45   33.33   25.07   27.18   24.24   23.93   25.48   26.48   25.16   26.02   25.71   24.54   25.76   25.15   26.89   27.86   26.23   26.33   25.62   24.71   25.37   25.37   25.15   26.20   25.23   25.23   26.57   25.37   25.52   25.83   26.51   26.65   14.74   16.26   18.42   17.39   17.07   16.67   15.65   13.91   14.78   16.94   20.71   21.15   28.41   24.51   24.32   25.92   23.85   23.85   23.31   22.91   28.49   25.83   22.75   23.91   25.54   25.14   24.70   24.49   23.02   26.43   28.51   28.51   28.57   29.31   29.29   28.67   30.21   31.03   30.18   28.54   28.31   28.28   30.88   27.37   28.51   28.48   28.87   28.31   28.67   28.83   29.27   28.48   27.91   29.17   30.54
    24: tr|J5EDB0|J5EDB0_9MYCO           68.42   62.34   82.64   82.10   81.02   81.75   80.73   82.57   81.18   82.29   81.83   82.05   81.47   82.02   82.23   83.15   82.97   82.51   92.91   95.18   95.68   95.17   96.95  100.00   88.17   89.43   89.59   89.59   90.81   90.09   90.99   17.46   21.69   23.53   23.20   22.85   22.71   34.62   24.92   27.18   23.71   23.69   24.84   26.17   25.16   26.02   25.87   24.69   25.91   25.30   26.75   28.04   26.40   26.50   25.00   24.93   25.60   25.60   25.68   26.44   25.15   25.15   26.51   25.00   25.75   26.36   27.05   27.49   13.68   14.63   16.67   15.65   15.45   14.91   13.91   12.17   13.04   15.32   20.48   20.67   28.41   24.51   24.59   25.63   23.85   23.58   23.31   22.91   28.21   25.83   22.75   23.91   25.54   25.14   24.40   23.91   22.57   26.64   28.51   28.51   29.03   29.31   29.75   28.91   29.98   30.80   30.41   28.77   28.54   28.73   30.65   27.59   28.74   28.99   29.10   28.77   29.14   29.06   29.49   28.48   27.97   29.45   30.39
    25: sp|Q9CCJ1|MTRB_MYCLE             67.68   60.77   81.47   81.47   78.62   80.76   78.34   80.51   79.96   82.17   81.54   80.73   79.16   80.26   81.02   82.27   80.99   82.15   87.41   87.25   87.15   88.87   86.83   88.17  100.00   89.45   89.13   89.13   87.93   87.39   88.29   15.87   22.54   22.83   21.68   21.97   21.62   34.26   25.37   27.51   24.55   23.93   25.48   27.10   25.79   26.65   26.02   24.85   26.06   25.76   27.49   28.17   26.54   26.65   26.25   25.00   25.97   25.97   25.75   26.20   25.83   25.83   27.16   25.97   26.11   26.43   27.11   27.25   11.58   13.82   15.79   13.04   15.45   13.16   13.04   11.30   12.17   14.52   20.24   19.71   27.83   23.40   24.32   25.35   23.04   23.04   22.76   22.29   27.09   25.00   21.91   23.37   23.92   23.73   23.80   23.91   21.67   26.43   27.60   27.60   28.57   28.86   29.06   28.91   29.06   30.57   30.18   28.54   28.31   28.51   29.72   27.37   28.28   28.03   28.18   28.08   29.14   29.29   28.82   27.81   27.06   28.73   29.64
    26: tr|A0A1A3BR74|A0A1A3BR74_MYCAS   63.73   61.36   83.24   83.06   80.55   82.18   79.89   81.68   80.70   82.90   82.63   81.39   81.10   81.83   81.68   83.15   81.68   82.51   89.65   88.27   88.85   88.93   87.90   89.43   89.45  100.00   92.20   92.20   91.41   91.41   92.31   16.54   22.54   23.12   22.59   22.22   22.29   32.71   25.15   26.54   23.40   22.77   24.20   25.86   25.16   25.71   25.24   24.07   25.30   25.00   26.44   27.73   26.09   25.87   25.62   24.41   25.37   25.37   25.75   26.20   24.92   24.92   26.57   25.37   25.52   26.43   26.81   27.25   11.58   15.45   16.67   14.78   16.26   14.04   13.91   12.17   13.04   15.32   20.00   20.67   27.54   23.68   24.05   25.35   23.31   23.04   23.04   22.60   27.37   24.72   21.91   23.37   24.19   23.73   23.80   23.32   21.67   27.37   28.28   28.28   29.26   29.31   29.75   29.15   29.98   31.03   30.65   29.00   28.77   29.41   30.65   28.04   28.74   29.02   28.87   29.00   30.07   29.98   29.49   28.48   28.42   29.69   30.41
    27: sp|P9WGK9|MTRB_MYCTU             63.46   61.68   82.76   82.94   79.93   80.43   79.10   80.87   80.92   82.39   81.75   81.13   80.80   80.99   81.57   82.82   81.72   83.76   89.69   87.13   87.96   89.65   87.41   89.59   89.13   92.20  100.00  100.00   92.67   91.95   92.84   17.46   22.82   22.47   22.13   21.97   22.25   32.11   25.67   27.18   23.94   23.31   24.84   26.48   25.47   26.33   25.71   24.54   25.76   25.45   26.89   28.17   26.54   26.33   25.62   24.93   25.60   25.60   26.27   27.03   25.45   25.45   27.38   25.89   26.04   26.95   27.63   27.76   11.58   14.63   16.67   14.78   16.26   14.04   13.91   12.17   13.04   15.32   20.24   21.39   28.41   23.68   24.32   25.63   23.85   23.85   23.31   22.91   27.93   25.28   22.19   23.64   24.19   24.01   24.10   23.91   22.12   26.58   28.73   28.73   29.49   29.53   29.98   29.38   29.75   30.80   30.88   29.22   29.00   29.19   30.41   27.59   28.74   29.02   29.10   28.77   29.84   29.75   29.71   28.70   28.27   29.69   30.41
    28: tr|A5U7R9|A5U7R9_MYCTA           63.46   61.68   82.76   82.94   79.93   80.43   79.10   80.87   80.92   82.39   81.75   81.13   80.80   80.99   81.57   82.82   81.72   83.76   89.69   87.13   87.96   89.65   87.41   89.59   89.13   92.20  100.00  100.00   92.67   91.95   92.84   17.46   22.82   22.47   22.13   21.97   22.25   32.11   25.67   27.18   23.94   23.31   24.84   26.48   25.47   26.33   25.71   24.54   25.76   25.45   26.89   28.17   26.54   26.33   25.62   24.93   25.60   25.60   26.27   27.03   25.45   25.45   27.38   25.89   26.04   26.95   27.63   27.76   11.58   14.63   16.67   14.78   16.26   14.04   13.91   12.17   13.04   15.32   20.24   21.39   28.41   23.68   24.32   25.63   23.85   23.85   23.31   22.91   27.93   25.28   22.19   23.64   24.19   24.01   24.10   23.91   22.12   26.58   28.73   28.73   29.49   29.53   29.98   29.38   29.75   30.80   30.88   29.22   29.00   29.19   30.41   27.59   28.74   29.02   29.10   28.77   29.84   29.75   29.71   28.70   28.27   29.69   30.41
    29: tr|U5WTW3|U5WTW3_MYCKA           66.67   61.48   82.40   82.58   80.04   80.77   79.38   81.22   80.74   81.48   81.58   82.54   81.03   81.77   81.43   83.09   81.80   82.48   89.01   88.98   89.70   89.07   89.78   90.81   87.93   91.41   92.67   92.67  100.00   93.20   94.10   18.40   23.16   23.06   22.27   22.22   22.08   35.64   25.98   27.51   24.39   23.77   25.16   26.79   25.79   26.33   26.58   25.08   26.30   25.99   27.13   28.44   27.10   26.90   25.62   25.37   26.06   26.06   26.14   26.91   25.91   25.91   27.27   25.76   26.51   26.83   27.52   27.66   11.58   14.63   16.67   14.78   16.26   14.04   13.91   12.17   13.04   15.32   19.52   21.15   27.83   24.23   24.32   25.35   23.58   23.58   23.04   22.60   27.93   25.28   22.47   23.91   24.73   24.29   24.40   24.49   22.35   27.18   28.96   28.96   28.80   29.08   29.75   29.38   29.52   31.03   30.65   29.00   28.77   28.96   31.34   28.26   29.20   29.05   29.33   29.22   29.84   29.52   29.71   28.92   28.72   29.96   31.14
    30: tr|A0PRF0|A0PRF0_MYCUA           69.79   60.37   82.94   82.40   79.49   80.59   79.56   81.58   80.19   81.48   81.22   81.25   79.74   81.03   80.88   81.99   80.88   82.12   89.57   88.38   88.58   89.26   88.53   90.09   87.39   91.41   91.95   91.95   93.20  100.00   99.11   16.80   22.88   23.47   22.47   22.64   22.50   32.67   25.98   27.51   24.39   23.77   24.84   26.48   25.47   26.02   26.27   24.77   25.99   25.69   27.13   28.44   26.79   26.58   25.94   25.07   26.06   26.06   26.14   26.91   25.91   25.91   27.27   26.06   26.20   27.13   27.52   27.96   11.58   14.63   16.67   14.78   16.26   14.04   13.91   12.17   13.04   15.32   19.76   21.15   27.83   23.96   24.86   25.92   23.85   23.58   23.31   22.91   27.65   25.28   22.75   23.91   24.73   23.73   24.40   24.78   21.90   26.96   28.28   28.28   28.57   29.08   29.29   28.91   29.52   30.80   29.95   28.31   28.08   28.51   30.41   27.59   28.51   28.83   28.41   28.77   29.14   29.06   29.27   28.26   27.87   29.30   30.23
    31: tr|B2HEQ1|B2HEQ1_MYCMM           69.79   61.11   83.85   83.30   80.40   81.50   80.29   82.50   81.11   82.41   82.14   82.17   80.66   81.95   81.80   82.90   81.80   83.03   90.32   89.38   89.51   90.00   89.43   90.99   88.29   92.31   92.84   92.84   94.10   99.11  100.00   16.80   23.16   23.67   22.68   22.85   22.50   32.67   25.98   27.51   24.39   23.77   24.84   26.48   25.47   26.02   26.27   24.77   25.99   25.69   27.13   28.44   26.79   26.58   25.94   25.07   26.06   26.06   26.14   26.91   25.91   25.91   27.27   26.06   26.20   27.13   27.52   27.96   11.58   14.63   16.67   14.78   16.26   14.04   13.91   12.17   13.04   15.32   20.00   21.15   27.83   23.96   24.86   25.92   23.85   23.58   23.31   22.91   27.65   25.28   22.75   23.91   24.73   23.73   24.40   24.78   21.90   27.39   28.51   28.51   28.80   29.31   29.52   29.15   29.75   31.03   30.18   28.54   28.31   28.73   30.65   27.81   28.74   29.05   28.64   29.00   29.60   29.52   29.49   28.48   28.09   29.52   30.45
    32: tr|U5WZ37|U5WZ37_MYCKA           13.51   18.90   18.18   18.18   16.53   16.53   16.53   17.50   17.50   16.67   16.67   18.33   18.33   18.33   19.17   17.50   18.33   19.35   16.13   17.46   17.46   17.46   17.46   17.46   15.87   16.54   17.46   17.46   18.40   16.80   16.80  100.00   16.94   19.05   19.05   19.49   22.88   22.47   17.83   20.34   22.03   22.03   20.34   20.34   23.08   21.19   19.49   20.51   21.37   22.22   22.03   22.22   21.19   21.19   20.34   20.63   22.40   22.40   22.40   21.31   16.80   16.80   18.40   19.20   21.71   21.14   21.77   21.77    5.26    0.00    0.00    5.26    5.26    5.26    5.26    5.26    5.26    5.26   18.00   13.64   19.44   16.10   19.49   18.18   19.49   17.80   20.34   20.34   16.96   16.95   15.25   16.95   16.95   14.29   20.34   16.67   14.91   18.11   17.09   17.09   15.52   15.52   15.38   15.38   17.09   15.38   15.52   14.53   14.53   16.24   17.24   15.52   16.38   16.10   15.65   16.52   17.95   17.09   18.80   18.80   17.19   18.64   19.30
    33: tr|U5WNL3|U5WNL3_MYCKA           27.38   21.98   22.66   22.95   22.51   23.08   22.38   22.86   23.14   23.14   23.43   22.88   23.16   23.58   23.30   23.01   23.01   23.16   22.10   22.25   22.25   22.03   21.69   21.69   22.54   22.54   22.82   22.82   23.16   22.88   23.16   16.94  100.00   24.47   24.39   24.60   23.81   21.15   25.88   22.22   24.04   23.76   24.08   23.48   23.48   22.31   23.06   22.59   24.38   24.38   25.14   23.29   22.68   23.06   23.08   23.31   24.80   24.80   25.14   25.82   25.75   25.75   25.41   24.80   25.47   24.93   25.27   25.14   10.98   10.98   10.98   12.05   12.20   10.98   14.46   10.84   10.84   10.84   20.25   19.57   20.06   19.31   19.94   22.83   23.05   21.50   21.81   22.62   20.13   18.75   19.69   20.31   20.38   19.81   21.14   19.16   20.60   25.21   27.14   27.14   26.11   25.30   24.26   24.56   25.15   24.33   24.93   26.25   26.25   25.07   26.11   26.41   27.00   26.47   25.60   26.19   26.84   26.55   26.25   27.40   26.45   27.06   26.19
    34: tr|A0A064CM02|A0A064CM02_9MYCO   29.47   22.33   22.00   22.36   23.31   23.11   22.61   22.95   23.35   23.35   23.82   22.61   22.95   23.66   23.20   23.05   23.05   24.34   22.80   23.78   23.89   23.53   23.43   23.53   22.83   23.12   22.47   22.47   23.06   23.47   23.67   19.05   24.47  100.00   78.34   75.15   71.48   32.35   23.72   25.00   25.96   25.41   25.79   26.33   26.55   26.48   27.20   27.98   27.67   28.49   28.42   27.37   27.30   27.76   26.82   23.33   26.22   26.22   27.10   26.70   27.17   27.17   26.63   27.03   27.69   26.63   27.52   27.37   12.50   12.30   12.39   14.04    9.84    9.73   14.04   13.16   12.28   14.63   20.48   19.06   22.87   21.97   23.50   24.22   22.74   23.29   24.93   25.24   20.62   20.56   20.80   20.11   21.53   21.43   21.71   23.08   18.86   21.34   22.10   22.10   22.05   21.85   22.80   23.36   22.12   23.58   22.05   22.52   22.52   23.21   21.59   21.35   20.63   21.51   24.15   22.52   22.30   22.57   19.91   20.59   20.49   20.69   21.25
    35: tr|G4HWN6|G4HWN6_MYCRH           31.40   21.93   21.65   22.02   22.15   22.36   22.27   22.82   23.64   23.22   23.08   22.47   22.98   23.49   22.87   22.92   22.92   23.24   22.60   24.49   24.14   22.86   22.70   23.20   21.68   22.59   22.13   22.13   22.27   22.47   22.68   19.05   24.39   78.34  100.00   74.31   71.48   33.12   25.69   26.82   26.33   25.78   27.03   26.35   28.25   26.76   27.84   27.89   28.09   27.81   28.01   28.09   26.61   26.50   28.21   24.62   26.59   26.59   27.70   27.09   27.58   27.58   26.74   27.15   27.82   25.91   27.09   26.94   11.70   10.48   11.71   14.29    8.87   10.81   12.50   11.61   12.50   12.80   20.53   17.22   22.58   20.80   24.72   22.79   22.22   22.78   24.72   25.64   19.49   19.83   19.25   19.44   20.33   20.29   20.00   21.60   19.59   20.41   21.87   21.87   20.55   19.73   20.55   21.04   20.32   20.05   21.23   22.55   22.55   21.14   19.63   20.82   20.05   20.68   22.43   21.95   21.35   20.96   19.78   19.40   18.84   20.53   20.41
    36: tr|A0A178M1C2|A0A178M1C2_MYCIR   32.43   22.06   22.01   22.38   22.32   22.32   22.01   22.53   22.72   23.14   23.42   22.59   22.06   22.36   22.15   22.36   22.57   22.62   22.61   23.02   23.18   23.09   22.59   22.85   21.97   22.22   21.97   21.97   22.22   22.64   22.85   19.49   24.60   75.15   74.31  100.00   75.97   31.08   24.86   25.95   25.21   25.21   25.87   26.06   26.63   26.55   27.35   27.68   27.25   26.40   27.17   27.53   26.89   26.50   27.73   23.76   26.91   26.91   26.42   26.86   26.50   26.50   27.07   27.48   27.04   25.64   27.71   27.56   10.64    8.06    8.11   13.39    8.87   10.81   10.71    8.04    8.93   10.40   19.86   18.40   20.59   19.37   21.94   22.57   21.94   22.50   23.89   24.36   19.26   20.11   20.11   20.00   20.06   20.06   20.62   21.36   18.91   20.34   22.50   22.50   22.15   22.17   22.32   22.64   22.10   22.10   21.69   22.50   22.50   22.68   21.46   19.74   20.27   20.41   23.80   21.95   22.22   21.36   21.73   21.12   20.51   20.70   21.97
    37: tr|A4T4B6|A4T4B6_MYCGI           30.26   20.83   21.67   21.62   21.76   21.97   21.46   22.18   21.73   22.78   22.85   22.25   21.92   21.59   21.59   21.80   21.80   23.53   21.81   23.33   23.03   23.16   22.45   22.71   21.62   22.29   22.25   22.25   22.08   22.50   22.50   22.88   23.81   71.48   71.48   75.97  100.00   32.21   23.60   23.77   25.35   25.35   24.57   23.94   25.71   25.92   25.57   26.20   25.70   25.98   26.74   25.49   24.86   25.57   27.09   22.80   24.79   24.79   25.71   25.57   25.78   25.78   25.21   25.63   26.05   24.93   26.70   26.55   14.58   11.90   12.39   14.91   11.90   14.16   17.54   14.91   14.91   14.17   19.52   18.59   21.70   19.55   21.55   21.94   22.10   21.55   23.48   23.25   20.06   18.57   19.14   17.68   20.22   20.57   21.71   21.30   18.41   20.00   21.90   21.90   21.59   21.41   21.72   21.31   21.27   20.63   21.14   22.12   22.12   23.42   20.45   21.17   21.09   20.95   22.78   22.07   20.92   20.77   20.93   20.56   20.34   21.23   21.14
    38: tr|A0A1M9PC04|A0A1M9PC04_9MYCO   34.02   31.67   33.01   33.98   33.33   33.66   30.39   34.00   34.34   35.35   34.34   33.01   33.33   34.34   36.00   35.35   34.34   34.34   32.08   31.48   31.48   35.92   33.33   34.62   34.26   32.71   32.11   32.11   35.64   32.67   32.67   22.47   21.15   32.35   33.12   31.08   32.21  100.00   59.62   77.01   71.74   70.65   75.86   76.74   81.25   79.01   77.65   76.14   69.57   70.65   67.74   75.29   74.42   75.58   74.39   55.56   59.80   59.80   61.39   66.67   59.80   59.80   60.78   62.75   58.49   64.00   64.36   63.37    -nan    -nan    -nan    -nan    -nan    -nan    -nan    -nan    -nan    -nan   41.27   28.38   54.93   43.02   42.05   52.05   43.68   45.98   47.13   44.83   48.00   41.57   43.53   44.71   41.11   52.00   38.10   52.11   34.62   37.74   39.08   39.08   39.24   40.51   37.35   38.55   39.76   40.00   41.77   38.55   38.55   38.37   37.97   40.51   40.51   34.78   44.87   42.31   40.24   40.24   37.65   38.37   31.48   38.04   37.50
    39: tr|F6EJN3|F6EJN3_HOYSD           31.46   25.22   25.84   25.84   25.76   25.53   26.36   27.05   26.30   26.30   25.99   26.14   26.61   26.91   26.22   26.52   26.22   25.23   24.32   24.78   24.78   25.00   25.07   24.92   25.37   25.15   25.67   25.67   25.98   25.98   25.98   17.83   25.88   23.72   25.69   24.86   23.60   59.62  100.00   58.47   60.91   60.26   60.58   60.36   60.99   59.01   61.26   61.28   60.91   61.17   59.49   61.76   60.82   60.99   59.38   54.86   56.50   56.50   56.64   58.19   56.78   56.78   57.54   56.75   55.47   57.54   56.93   57.14   13.41   10.98   12.20   10.84   12.20   12.20   12.05   10.84   14.46   14.46   24.32   24.83   29.11   25.08   24.92   28.91   26.95   26.30   26.30   26.07   27.36   26.86   26.23   25.90   25.57   25.68   26.15   28.42   23.65   25.15   24.84   24.84   23.89   24.20   23.90   24.53   24.53   24.44   25.16   25.16   25.16   25.86   27.71   27.07   26.75   24.62   24.60   25.24   23.97   24.92   25.94   26.35   24.78   25.85   25.86
